3 10000 0.47 2.97 0.42 -3.97 0 190 10 100 200 15 0 0 0 1

4 32000 0.2 0.14 0.18 -2.7 0.39 0.07 0 200 10 0 200 15 0 200 4 1

3 20000 0.2 -3.76 0.18 1.26 0 200 10 0 200 15 0 200 4 1

3 10000 0.32 -5.05 0.07 1.05 100 200 9 0 200 7 0 100 4 1

3 8000 0.32 8.8 0.07 3.61 100 200 9 0 200 7 0 100 4 1

2 6000 0.5 4.86 0 155 3 0 0 0 0 0 0 1

2 9000 0.4 -2.86 0 155 3 0 0 0 0 0 0 1

2 20000 0.4 -2.86 0 155 3 0 0 0 0 0 0 1

2 20000 0.76 -3.01 0 155 3 0 110 1 0 0 0 1

4 32000 0.2 2.76 0.18 -2.76 0.39 -1.75 0 200 10 0 200 15 0 200 14 1

4 32000 0.2 2.76 0.18 -2.76 0.39 -1.76 62 200 10 35 200 15 126 200 14 1

4 20000 0.2 3 0.18 -1.86 0.39 -8 62 200 10 35 200 15 126 200 14 1

5 40000 0.2 0.11 0.18 -2 0.39 -0.5 0.55 1.61 17 255 9 3 200 15 0 200 14 1

2 10000 0.42 -5.03 147 27 1 21 120 1 0 0 0 1

2 20000 0.42 -0.99 147 27 1 210 120 1 0 0 0 1

3 20000 0.42 -1.27 0.18 -2 120 200 1 107 249 2 100 255 7 1

3 30000 0.23 0.14 0.25 4 0 105 1 100 210 3 0 55 5 1

4 15000 0.23 -0.01 0.25 4 0.29 2 0 105 1 100 210 3 0 55 5 1

4 15000 0.07 -0.03 0.25 4 0.29 2 0 105 1 100 210 3 0 55 5 1

2 26000 0.22 2.43 0 255 5 0 255 7 0 255 11 1

3 5000 0.64 3.77 0.12047536391764879 -4.835517555475235 0 255 5 0 255 7 0 255 11 0

5 5000 0.58 8.42 0.6193830678239465 3.152275597676635 0.8109895545057952 -5.950598483905196 0.6679098987951875 -8.92676904797554 0 255 5 0 255 7 0 255 11 0

2 5000 0.4 0.03 0 255 5 0 255 7 0 255 11 0

5 6000 0.07 6.63 0.7155297677963972 2.889748839661479 0.008962039835751057 -6.734160790219903 0.7203635424375534 -1.7334675043821335 0 255 5 0 255 7 0 255 11 0

3 12000 0.5 -1.97 0.04090057360008359 -2.1088209096342325 100 255 5 70 75 4 1 50 1 1

2 12000 0.38 6.64 210 255 5 75 75 4 36 50 1 1

5 4000 0.3 -4.61 0.7159146433696151 0.1208022702485323 0.09245138010010123 6.039727563038468 0.2982272976078093 -0.08629795163869858 210 255 5 75 75 4 36 50 1 1

3 7000 0.15 -8.25 0.2656912081874907 -1.573560917750001 0 255 5 0 255 7 0 255 11 0

2 7000 0.58 1.63 0 255 5 0 255 7 0 255 11 1

2 50000 0.58 1.63 0 255 5 0 255 7 0 255 11 1

3 8000 0.95 -7.91 0.6112777777016163 -4.394588004797697 0 255 5 0 255 7 0 255 11 1

2 8000 0.39 -4.24 0 255 5 0 255 7 0 255 11 1

2 8000 0.47 4.28 0 255 5 0 255 7 0 255 11 0

3 50000 0.73 -9.37 0.5507546807639301 5.405963873490691 0 100 20 0 100 1 0 100 13 1

5 50000 0.5 0.09 0.5 -0.26 0.5 -0.01 0.5 0.01 125 250 5 125 250 6 125 250 7 1

2 50000 0.33 -5.1 0 255 5 0 255 7 0 255 11 1

2 9000 0.35 -9.53 0 255 5 0 131 7 0 255 0 1

3 9000 0.25 0.12 0.08512052660807967 -1.0759404208511114 0 255 5 0 131 7 0 255 0 1

5 9000 0.46 6.18 0.6642568809911609 -2.0587450731545687 0.9812903273850679 -1.802144069224596 0.4355809115804732 -3.3493965957313776 0 255 5 0 131 7 0 255 0 1

2 9000 0.32 4.34 0 255 5 0 131 7 0 255 0 1

3 9000 0.08 2.46 0.5553635787218809 -9.86642082221806 0 255 5 0 131 7 0 255 0 1

3 15000 0.05 0.03 0.425905697979033 -8.893656237050891 0 253 6 0 132 7 0 255 0 1

2 15000 0.36 -2.37 0 253 6 0 132 7 0 255 0 1

2 15000 0.21 -8.4 0 253 6 0 132 7 0 255 0 1

3 10000 0.25 -5.51 0.1814603190869093 -7.885755207389593 0 255 5 0 255 7 0 255 11 1

2 10000 0.27 6.92 0 255 5 0 255 7 0 255 11 1

3 10000 0.36 0.49 0.5267016743309796 1.4821015112102032 0 255 5 123 249 6 0 252 11 1

3 7000 0.81 0.85 0.8367193234153092 0.05047159269452095 70 255 0 123 249 6 0 252 11 1

3 7000 0.38 -1.64 0.0972604458220303 7.89021254517138 70 255 0 123 249 6 0 252 11 1

5 13000 0.94 -0.55 0.999497118871659 -8.39388731867075 0.9508628915064037 0.02764848992228508 0.5406316420994699 1.0561429988592863 0 255 5 0 255 7 0 255 6 1

5 50000 0.94 -0.55 0.999497118871659 -8.39388731867075 0.9508628915064037 0.02764848992228508 0.5406316420994699 1.0561429988592863 0 255 0 0 255 9 49 255 5 1
